155
91
222
87
88
140
27
213
71
69
222
114
161
58
58
58
10
183
0
35
193
17
87
217
240
237
67
32
67
131
180
156
233
168
94
246
19
39
221
39
76
35
176
172
79
142
6
73
215
5
116
236
25
232
107
108
133
34
170
184
47
89
123
236
15
248
116
78
82
3
213
172
125
92
4
255
94
190
254
83
11
160
197
76
216
253
16
58
212
99
136
117
17
4
193
185
228
55
77
199
165
119
28
41
17
218
74
145
12
46
0
199
25
42
214
193
192
121
145
119
43
184
147
167
159
53
232
138
84
239
176
214
15
230
203
126
43
184
51
229
32
195
209
242
186
93
217
201
195
170
165
110
6
80
124
120
123
58
156
246
207
238
229
58
190
220
104
158
139
48
47
32
127
72
207
143
183
141
61
81
107
240
170
207
109
123
6
1
160
0
28
65
123
153
87
131
194
131
243
11
165
57
95
26
1
154
244
58
222
210
79
156
115
197
24
147
110
177
86
166
243
197
31
111
33
136
182
185
7
6
10
58
102
203
142
140
52
47
94
231
47
9
66
79
23
175
79
184
215
101
131
106
224
218
199
220
216
60
119
91
9
211
251
166
231
183
5
209
141
78
120
140
81
95
244
238
184
115
198
27
94
232
46
145
174
26
27
225
139
105
174
73
95
231
129
32
172
203
22
233
217
79
165
9
162
216
135
200
168
53
211
206
123
253
128
201
38
166
64
207
233
97
82
158
214
246
116
170
179
101
1
20
250
103
1
231
127
162
49
111
35
89
114
164
31
19
144
161
63
250
196
173
41
239
157
140
135
95
102
32
211
89
87
58
180
39
239
93
105
244
76
185
238
228
169
204
132
146
28
86
135
158
85
100
22
96
82
182
67
20
217
204
29
59
211
184
57
162
247
131
152
95
7
188
108
108
6
81
148
62
61
127
149
255
149
219
226
47
76
198
53
226
20
135
215
249
75
37
120
23
163
25
197
30
181
130
217
19
223
0
254
10
187
235
38
199
233
74
36
219
15
229
180
195
38
203
182
8
207
33
185
142
116
250
71
251
166
148
63
89
96
128
239
90
240
191
142
57
81
47
34
231
56
252
149
214
160
186
19
251
181
216
28
218
58
57
99
211
200
130
190
221
140
170
9
154
46
222
216
49
236
106
49
150
131
29
58
53
140
47
165
70
148
114
230
148
134
241
5
3
241
91
24
115
147
15
241
155
13
8
148
244
111
125
93
157
215
10
193
32
203
73
97
232
100
108
205
143
213
137
50
42
254
89
168
126
162
19
198
156
56
248
7
19
182
248
80
170
34
91
54
116
99
230
109
123
77
226
218
73
215
38
54
202
250
14
236
75
252
166
154
180
31
60
186
44
40
121
101
242
95
100
120
141
160
114
1
236
204
141
76
221
173
200
86
154
34
39
43
73
96
94
180
179
26
111
113
72
126
30
186
172
248
106
57
236
211
18
246
126
240
0
148
63
197
31
203
79
252
226
102
180
7
26
229
140
0
101
220
186
142
197
33
221
181
58
179
163
28
63
131
4
253
130
142
184
52
84
144
208
196
18
165
71
57
190
215
58
107
66
161
52
178
206
128
203
128
53
58
178
156
165
240
67
45
105
123
109
206
14
178
3
201
26
172
139
120
26
107
206
6
109
229
197
71
225
7
132
68
218
231
186
177
144
53
227
68
238
26
244
126
170
146
30
1
131
197
33
177
45
189
193
18
154
86
125
100
1
251
38
161
213
188
122
151
255
24
62
198
109
148
95
252
107
119
160
190
198
129
102
111
62
140
26
232
239
189
101
1
134
250
5
184
235
14
236
218
160
14
32
234
231
72
245
14
145
204
124
169
2
199
108
15
51
47
220
155
195
189
226
224
36
218
77
112
33
184
70
53
7
115
189
156
243
7
1
213
215
240
227
97
23
203
231
216
96
78
185
217
27
1
128
53
105
218
115
177
245
211
141
129
79
117
210
32
4
98
112
175
127
26
144
12
90
107
46
117
225
168
25
5
57
215
93
129
106
78
241
158
106
184
132
206
192
237
55
69
76
78
32
23
18
180
196
87
47
83
2
96
65
205
15
228
181
242
161
254
129
239
241
167
52
100
156
89
192
95
30
253
141
2
208
77
1
146
148
101
108
234
242
127
89
114
204
32
201
243
132
155
160
77
12
107
166
163
170
209
73
63
67
116
150
227
46
31
158
52
165
224
34
12
21
50
108
7
140
211
46
247
121
77
5
146
237
135
104
54
178
80
71
49
173
19
227
101
116
94
43
80
115
230
112
207
7
97
60
167
1
161
141
0
165
10
30
237
56
188
236
62
206
178
64
199
57
217
50
243
251
179
79
207
57
150
125
147
120
126
206
125
125
118
48
56
13
30
12
118
176
78
171
179
122
41
96
34
119
136
39
53
57
88
198
241
53
196
92
121
69
195
236
125
161
177
240
204
193
117
48
147
49
86
5
219
248
248
200
246
45
126
103
182
95
229
57
241
242
177
168
115
1
94
25
111
109
213
25
93
133
204
130
227
225
125
198
20
203
182
65
225
131
188
46
223
77
120
148
171
85
108
110
107
241
139
62
141
212
152
159
240
127
63
93
33
184
1
92
143
93
221
113
242
6
140
84
60
55
111
214
95
104
48
93
110
15
122
68
248
97
55
134
209
202
88
7
64
131
181
190
146
119
229
154
45
24
54
233
212
247
210
157
31
148
113
220
108
96
5
233
40
197
252
53
46
92
107
183
253
242
121
62
57
71
160
53
199
137
41
7
94
184
125
29
255
32
36
252
210
149
236
207
34
123
66
18
59
163
143
248
135
131
90
125
185
233
245
135
181
73
7
141
116
4
165
161
171
100
206
165
103
226
12
174
97
68
220
137
192
188
175
113
234
230
90
236
111
132
123
204
20
16
28
16
226
213
57
92
3
149
24
80
243
103
26
222
179
13
226
84
223
108
79
78
42
237
186
254
130
32
240
15
233
165
20
193
96
28
248
240
247
174
26
232
161
104
85
102
95
112
32
163
212
43
69
160
226
7
103
180
232
222
64
165
6
75
14
21
214
41
12
168
112
13
17
20
169
123
0
166
37
177
25
241
231
66
20
57
198
48
231
119
61
208
73
162
76
239
108
29
139
131
9
9
136
68
225
68
59
12
189
157
6
123
211
93
69
186
206
125
70
137
92
146
168
183
237
222
34
109
63
14
118
224
143
173
112
46
117
3
65
176
12
91
184
125
89
131
215
106
252
73
0
39
52
93
106
198
163
216
26
99
50
17
201
219
184
116
250
21
226
2
145
168
185
120
196
94
107
40
2
74
82
225
57
37
188
169
221
48
206
176
176
245
189
218
192
225
16
223
214
107
159
166
140
191
74
202
173
125
105
233
65
110
219
58
130
242
0
173
16
101
44
36
76
157
42
188
237
48
97
6
208
64
174
22
218
173
245
135
208
215
192
199
142
241
153
73
218
114
172
189
128
30
58
154
110
120
228
251
49
216
225
183
46
213
113
19
157
31
179
115
14
60
47
1
181
103
19
195
152
128
13
131
234
122
208
218
93
254
102
47
19
180
88
186
99
170
21
143
35
84
6
97
235
181
94
241
232
19
139
245
55
230
157
57
210
205
199
97
75
115
138
3
82
222
167
196
128
44
232
213
247
79
187
115
58
190
144
123
118
174
143
11
174
159
33
124
232
24
149
200
217
227
103
155
236
84
122
236
179
222
148
25
186
222
23
213
223
89
183
86
128
29
150
120
106
25
153
227
243
230
236
253
237
152
81
13
84
95
128
46
159
252
202
156
76
226
108
149
152
31
218
201
26
158
5
98
246
212
96
228
74
172
136
128
25
228
123
34
127
227
176
234
129
129
150
166
102
242
3
170
182
26
97
126
201
204
78
225
199
222
215
17
213
118
10
63
181
179
226
31
48
238
48
137
98
14
138
155
11
21
77
230
247
254
165
46
186
135
2
49
178
25
36
181
15
38
175
106
185
134
120
157
110
77
21
226
218
216
2
52
172
249
105
76
70
199
251
182
8
53
83
20
148
176
43
94
119
53
4
247
207
212
153
216
155
100
61
191
140
18
37
228
112
176
102
226
78
208
111
114
161
73
204
66
85
62
84
161
166
9
197
190
37
134
143
156
133
91
30
25
208
132
43
175
214
97
152
249
236
103
163
210
233
240
224
142
109
195
10
178
249
133
24
83
85
242
84
89
110
64
110
39
120
159
49
65
29
68
190
107
229
125
180
133
77
253
73
168
179
50
153
99
62
51
168
190
25
251
85
183
54
131
238
175
62
52
161
132
223
16
55
114
196
148
168
20
207
186
58
120
230
120
223
29
44
191
167
133
148
70
109
14
172
73
82
194
74
11
166
175
165
139
204
119
237
120
147
227
197
75
227
172
6
41
16
25
139
90
61
225
212
136
151
207
198
244
37
110
46
164
35
156
21
38
0
213
240
80
213
36
159
145
102
10
116
41
89
188
168
9
77
146
143
215
67
54
72
117
181
72
31
90
153
76
104
189
89
75
251
153
181
168
20
139
225
229
187
124
237
131
194
143
14
201
19
